                * c:\users\mistr\esim-workspace\demux\demux.cir
                Transient Analysis  Fri May 14 13:25:11  2021
--------------------------------------------------------------------------------
Index   time            a5#branch_1_0   a5#branch_1_1   v1#branch       
--------------------------------------------------------------------------------
0	0.000000e+000	-5.00000e-002	0.000000e+000	0.000000e+000	
1	2.000000e-003	-5.00000e-002	0.000000e+000	0.000000e+000	
2	4.000000e-003	-5.00000e-002	0.000000e+000	0.000000e+000	
3	8.000000e-003	-5.00000e-002	0.000000e+000	0.000000e+000	
4	1.600000e-002	-5.00000e-002	0.000000e+000	0.000000e+000	
5	3.200000e-002	-5.00000e-002	0.000000e+000	0.000000e+000	
6	6.400000e-002	-5.00000e-002	0.000000e+000	0.000000e+000	
7	1.280000e-001	-5.00000e-002	0.000000e+000	0.000000e+000	
8	2.560000e-001	-5.00000e-002	0.000000e+000	0.000000e+000	
9	5.120000e-001	-5.00000e-002	0.000000e+000	0.000000e+000	
10	9.120000e-001	-5.00000e-002	0.000000e+000	0.000000e+000	
11	1.312000e+000	-5.00000e-002	0.000000e+000	0.000000e+000	
12	1.712000e+000	-5.00000e-002	0.000000e+000	0.000000e+000	
13	2.112000e+000	-5.00000e-002	0.000000e+000	0.000000e+000	
14	2.512000e+000	-5.00000e-002	0.000000e+000	0.000000e+000	
15	2.912000e+000	-5.00000e-002	0.000000e+000	0.000000e+000	
16	3.312000e+000	-5.00000e-002	0.000000e+000	0.000000e+000	
17	3.712000e+000	-5.00000e-002	0.000000e+000	0.000000e+000	
18	4.112000e+000	-5.00000e-002	0.000000e+000	0.000000e+000	
19	4.512000e+000	-5.00000e-002	0.000000e+000	0.000000e+000	
20	4.912000e+000	-5.00000e-002	0.000000e+000	0.000000e+000	
21	5.312000e+000	-5.00000e-002	0.000000e+000	0.000000e+000	
22	5.712000e+000	-5.00000e-002	0.000000e+000	0.000000e+000	
23	6.112000e+000	-5.00000e-002	0.000000e+000	0.000000e+000	
24	6.512000e+000	-5.00000e-002	0.000000e+000	0.000000e+000	
25	6.912000e+000	-5.00000e-002	0.000000e+000	0.000000e+000	
26	7.312000e+000	-5.00000e-002	0.000000e+000	0.000000e+000	
27	7.712000e+000	-5.00000e-002	0.000000e+000	0.000000e+000	
28	8.112000e+000	-5.00000e-002	0.000000e+000	0.000000e+000	
29	8.512000e+000	-5.00000e-002	0.000000e+000	0.000000e+000	
30	8.912000e+000	-5.00000e-002	0.000000e+000	0.000000e+000	
31	9.312000e+000	-5.00000e-002	0.000000e+000	0.000000e+000	
32	9.712000e+000	-5.00000e-002	0.000000e+000	0.000000e+000	
33	1.011200e+001	-5.00000e-002	0.000000e+000	0.000000e+000	
34	1.051200e+001	-5.00000e-002	0.000000e+000	0.000000e+000	
35	1.091200e+001	-5.00000e-002	0.000000e+000	0.000000e+000	
36	1.131200e+001	-5.00000e-002	0.000000e+000	0.000000e+000	
37	1.171200e+001	-5.00000e-002	0.000000e+000	0.000000e+000	
38	1.211200e+001	-5.00000e-002	0.000000e+000	0.000000e+000	
39	1.251200e+001	-5.00000e-002	0.000000e+000	0.000000e+000	
40	1.291200e+001	-5.00000e-002	0.000000e+000	0.000000e+000	
41	1.331200e+001	-5.00000e-002	0.000000e+000	0.000000e+000	
42	1.371200e+001	-5.00000e-002	0.000000e+000	0.000000e+000	
43	1.411200e+001	-5.00000e-002	0.000000e+000	0.000000e+000	
44	1.451200e+001	-5.00000e-002	0.000000e+000	0.000000e+000	
45	1.491200e+001	-5.00000e-002	0.000000e+000	0.000000e+000	
46	1.531200e+001	-5.00000e-002	0.000000e+000	0.000000e+000	
47	1.571200e+001	-5.00000e-002	0.000000e+000	0.000000e+000	
48	1.611200e+001	-5.00000e-002	0.000000e+000	0.000000e+000	
49	1.651200e+001	-5.00000e-002	0.000000e+000	0.000000e+000	
50	1.691200e+001	-5.00000e-002	0.000000e+000	0.000000e+000	
51	1.731200e+001	-5.00000e-002	0.000000e+000	0.000000e+000	
52	1.771200e+001	-5.00000e-002	0.000000e+000	0.000000e+000	
53	1.811200e+001	-5.00000e-002	0.000000e+000	0.000000e+000	
54	1.851200e+001	-5.00000e-002	0.000000e+000	0.000000e+000	

Index   time            a5#branch_1_0   a5#branch_1_1   v1#branch       
--------------------------------------------------------------------------------
55	1.891200e+001	-5.00000e-002	0.000000e+000	0.000000e+000	
56	1.931200e+001	-5.00000e-002	0.000000e+000	0.000000e+000	
57	1.971200e+001	-5.00000e-002	0.000000e+000	0.000000e+000	
58	2.000000e+001	-5.00000e-002	0.000000e+000	0.000000e+000	

                * c:\users\mistr\esim-workspace\demux\demux.cir
                Transient Analysis  Fri May 14 13:25:11  2021
--------------------------------------------------------------------------------
Index   time            v2#branch       
--------------------------------------------------------------------------------
0	0.000000e+000	0.000000e+000	
1	2.000000e-003	0.000000e+000	
2	4.000000e-003	0.000000e+000	
3	8.000000e-003	0.000000e+000	
4	1.600000e-002	0.000000e+000	
5	3.200000e-002	0.000000e+000	
6	6.400000e-002	0.000000e+000	
7	1.280000e-001	0.000000e+000	
8	2.560000e-001	0.000000e+000	
9	5.120000e-001	0.000000e+000	
10	9.120000e-001	0.000000e+000	
11	1.312000e+000	0.000000e+000	
12	1.712000e+000	0.000000e+000	
13	2.112000e+000	0.000000e+000	
14	2.512000e+000	0.000000e+000	
15	2.912000e+000	0.000000e+000	
16	3.312000e+000	0.000000e+000	
17	3.712000e+000	0.000000e+000	
18	4.112000e+000	0.000000e+000	
19	4.512000e+000	0.000000e+000	
20	4.912000e+000	0.000000e+000	
21	5.312000e+000	0.000000e+000	
22	5.712000e+000	0.000000e+000	
23	6.112000e+000	0.000000e+000	
24	6.512000e+000	0.000000e+000	
25	6.912000e+000	0.000000e+000	
26	7.312000e+000	0.000000e+000	
27	7.712000e+000	0.000000e+000	
28	8.112000e+000	0.000000e+000	
29	8.512000e+000	0.000000e+000	
30	8.912000e+000	0.000000e+000	
31	9.312000e+000	0.000000e+000	
32	9.712000e+000	0.000000e+000	
33	1.011200e+001	0.000000e+000	
34	1.051200e+001	0.000000e+000	
35	1.091200e+001	0.000000e+000	
36	1.131200e+001	0.000000e+000	
37	1.171200e+001	0.000000e+000	
38	1.211200e+001	0.000000e+000	
39	1.251200e+001	0.000000e+000	
40	1.291200e+001	0.000000e+000	
41	1.331200e+001	0.000000e+000	
42	1.371200e+001	0.000000e+000	
43	1.411200e+001	0.000000e+000	
44	1.451200e+001	0.000000e+000	
45	1.491200e+001	0.000000e+000	
46	1.531200e+001	0.000000e+000	
47	1.571200e+001	0.000000e+000	
48	1.611200e+001	0.000000e+000	
49	1.651200e+001	0.000000e+000	
50	1.691200e+001	0.000000e+000	
51	1.731200e+001	0.000000e+000	
52	1.771200e+001	0.000000e+000	
53	1.811200e+001	0.000000e+000	
54	1.851200e+001	0.000000e+000	

Index   time            v2#branch       
--------------------------------------------------------------------------------
55	1.891200e+001	0.000000e+000	
56	1.931200e+001	0.000000e+000	
57	1.971200e+001	0.000000e+000	
58	2.000000e+001	0.000000e+000	
